10157
10214
10265
10450
10490
10524
10540
10561
10638
10677
10762
10847
10917
11006
11009
11013
11233
11493
11551
11609
11680
11856
11880
11959
12070
12086
12207
12266
12338
12349
12567
12612
12653
12708
12715
13056
13073
13187
13498
13814
13819
13874
13946
14054
14170
14192
14284
14300
14361
14500
14510
14549
14557
14580
14653
14676
14691
14895
14963
15278
15295
15387
15436
15524
15593
15598
15617
15635
15649
15691
15717
15818
15877
15893
15940
15974
15984
16154
16315
16446
16496
16594
16835
16849
16859
16881
16887
16897
16928
16970
17043
17162
17226
17267
17303
17390
17562
17662
17699
17735
17790
17887
18035
18054
18168
18258
18361
18374
18456
18478
18763
18829
18872
19055
19092
19120
19173
19204
19421
19435
19462
19469
19492
19584
19616
19620
19702
19738
19925
20040
20241
20281
20283
20290
20342
20602
20635
21081
21272
21321
21436
21807
21928
21961
21987
22001
22131
22174
22234
22335
22360
22364
22400
22481
22494
22530
22536
22633
22841
23114
23116
23141
23227
23456
23469
23474
23478
23481
23571
23745
23861
23988
24039
24231
24324
24479
24679
24976
25225
25261
25322
25362
25436
25443
25580
25697
25942
25979
26041
26148
26152
26213
26321
26465
26474
26594
26820
26835
26932
26967
27124
27203
27462
27620
27649
27702
27828
27831
27835
28083
28133
28524
28540
28667
28693
28716
28863
28931
29181
29252
29410
29468
29532
29558
29705
29883
29965
30127
30168
30199
30226
30254
30308
30556
30600
30689
30713
30812
30880
30969
31008
31125
31381
31790
31939
32022
32240
32264
32314
32410
32510
32544
32632
32708
32827
33006
33091
33144
33263
33484
33642
33683
33771
33787
33789
33865
33932
33984
34199
34219
34220
34302
34305
35005
35057
35101
35380
35387
35610
35642
35643
35661
35728
35763
35826
35864
35876
35897
36055
36184
36316
36457
36511
36531
36554
36614
36639
36653
36777
36827
36993
37270
37507
37578
37594
37668
37974
38200
38234
38238
38245
38394
38401
38412
38487
38655
38710
38755
38869
38941
39030
39062
39078
39150
39239
39415
39426
39462
39631
39690
39722
39776
39816
40094
40159
40271
40463
40578
40616
40662
40758
40980
41051
41094
41249
41295
41310
41398
41413
41509
41563
41618
41674
41766
41921
42267
42378
42400
42459
42586
42614
42706
42737
42861
42978
43057
43118
43212
43222
43443
43534
43724
43740
43806
43993
44052
44063
44212
44460
44489
44543
44682
44683
44698
44726
44753
44755
44987
45032
45192
45230
45236
45303
45366
45420
45707
45801
45850
46035
46223
46342
46362
46372
46480
46569
46571
46676
46702
46792
46986
47032
47115
47130
47252
47324
47384
47444
47508
47568
47599
47735
48103
48236
48328
48400
48424
48527
48597
48601
48663
48747
48772
49019
49083
49134
49231
49262
49296
49407
49425
49522
49572
49574
49664
49793
49820
49825
49881
50052
50084
50130
50309
50492
50560
50584
50621
50640
50739
50795
50817
50820
50859
50876
51048
51351
51353
51491
51618
51621
51727
51871
51893
51981
52036
52117
52146
52157
52242
52446
52463
52464
52509
52539
52650
52663
52831
52835
52893
52907
52985
53249
53467
53614
54005
54010
54023
54047
54187
54254
54271
54461
54594
54722
54914
55048
55059
55091
55147
55235
55356
55821
56065
56095
56100
56140
56274
56404
56597
56734
56960
56967
56970
57025
57044
57146
57330
57459
57786
57870
58016
58053
58067
58069
58135
58142
58151
58175
58187
58262
58301
58339
58359
58483
58831
58847
58875
58967
58979
59037
59056
59106
59164
59262
59287
59298
59322
59411
59433
59463
59508
59541
59693
59732
59766
59882
60053
60103
60229
60406
60626
60638
60654
60657
60662
60853
61006
61073
61226
61248
61264
61330
61394
61432
61452
61694
61795
61897
61928
61936
61979
62001
62026
62057
62076
62261
62294
62360
62564
62582
62743
62803
62806
62865
62911
63076
63100
63357
63423
63559
63728
63739
63775
63877
63972
64037
64214
64230
64299
64378
64552
64598
64678
64928
65003
65185
65256
65361
65386
65408
65577
65617
65760
65762
65839
65862
65968
66157
66163
66303
66332
66412
66445
66508
66668
66686
66792
66799
66857
67007
67035
67167
67185
67225
67297
67540
67581
67866
67946
68126
68279
68310
68335
68339
68451
68469
68473
68537
68727
68752
68901
68942
68951
68972
69110
69169
69418
69490
69525
69539
69584
69705
69817
70100
70221
70226
70269
70395
70501
70603
70615
70625
70827
70861
70944
71099
71104
71109
71124
71139
71257
71299
71384
71399
71419
71484
71665
71780
71794
71831
71908
71988
72119
72258
72271
72317
72456
72492
72653
72660
72686
72787
73062
73140
73164
73312
73552
73651
73788
73857
73877
73964
73995
74051
74190
74210
74218
74430
74502
74526
74548
74603
74653
74689
74691
74875
74877
74890
74953
74967
75003
75070
75184
75318
75344
75441
75481
75507
75728
75812
75897
76135
76195
76219
76239
76421
76669
76852
76934
77070
77078
77172
77201
77355
77539
77569
77949
77998
78081
78088
78099
78106
78267
78434
78474
78552
78556
78591
78652
78864
78865
78888
79066
79195
79582
79869
79993
80178
80221
80276
80290
80300
80694
80695
80773
80808
80819
80903
80962
81016
81088
81159
81225
81313
81355
81462
81637
81773
81781
81865
81932
81936
81978
82047
82137
82325
82391
82400
82455
82466
82796
82817
82839
82945
82947
83118
83177
83224
83266
83307
83601
83609
83731
83734
83870
84003
84021
84192
84344
84492
84504
84614
84659
84764
84766
84813
84872
85117
85415
85442
85570
85630
85661
85767
85822
85829
85889
86022
86104
86232
86339
86349
86387
86403
86757
86780
86882
86919
87319
87356
87428
87480
87669
87782
87865
88235
88295
88326
88365
88630
88734
88905
89096
89259
89422
89459
89573
89691
89697
89733
89737
89788
90055
90146
90172
90229
90266
90287
90313
90314
90358
90600
90637
90686
90718
90966
90971
91079
91238
91379
91399
91505
91933
92007
92039
92129
92234
92290
92328
92380
92524
92611
92705
92809
92869
92895
92950
92968
93142
93222
93440
93572
93599
93759
93799
93934
94114
94438
94738
94821
94931
95071
95183
95323
95372
95442
95664
95678
95801
95850
95914
95930
96077
96123
96263
96327
96424
96567
96573
96632
96648
96718
96903
97014
97167
97188
97344
97373
97479
97548
97695
97823
97955
98180
98222
98310
98431
98442
98494
98527
98536
98690
99057
99083
99100
99562
99617
99686
99766
99875
99979
