10012
10300
10337
10384
10487
10520
10534
10638
11245
11294
11322
11479
11638
11797
11852
11943
12152
12202
12241
12257
12772
12987
13015
13097
13250
13346
13499
13543
13654
13830
14096
14510
14510
14510
14510
14510
14510
14510
14510
14510
14510
14510
14510
14510
14510
14510
14510
14510
14510
14510
14510
14512
14549
14549
14549
14549
14549
14549
14549
14549
14549
14549
14549
14549
14549
14549
14592
14661
14716
14783
14821
14899
15129
15275
15286
15554
15677
15720
15829
15854
15911
16783
16859
16859
16859
16859
16859
16859
16859
16859
16859
17153
17200
17260
17549
17960
18103
18130
18149
18219
18367
18579
18829
18829
18829
18829
18829
18835
18888
18995
19400
19588
19658
19841
19963
20385
20388
20602
20602
20602
20602
20602
20602
20602
20602
20602
20602
20602
20602
20602
20602
20602
20602
20714
21094
21289
21661
21680
22256
22556
22743
22984
23116
23116
23311
23549
23589
23732
23782
23937
24033
24089
24120
24236
24258
24650
24721
25203
25360
25396
25499
25580
25580
25580
25580
25580
25580
25580
25580
25580
25580
25580
25580
26105
26726
26820
26820
26923
27041
27193
27252
27515
27651
27818
27891
28036
28266
28304
28386
28564
28689
28691
28762
28789
28889
28982
29014
29272
29676
29794
29873
30101
30211
30353
30430
30552
30678
30851
31077
31093
31856
31890
31938
31982
32110
32233
32245
32254
32340
32343
32376
32775
32818
32852
32965
33405
33434
33537
33641
33984
33984
33984
33984
33984
33984
33984
33984
33984
33984
33984
33984
33984
33984
33984
33984
33984
33984
33984
33984
34199
34199
34199
34199
34199
34199
34199
34199
34199
34199
34884
34982
35154
35390
35610
35610
35610
35703
35799
36019
36676
36777
36777
36777
36777
36777
36777
36777
36777
36777
36915
36962
37113
37175
37186
37207
37409
37480
37530
37923
38124
38287
38329
38354
38506
38852
38964
39036
39136
39266
39388
39668
39776
39776
39776
39776
39776
39776
39776
39776
39776
39776
39776
39776
39776
39776
39776
39776
39776
39786
39961
40011
40066
40195
40208
40629
40775
40993
41051
41051
41051
41051
41051
41051
41051
41051
41051
41051
41051
41056
41106
41160
41310
41435
41548
41568
41727
41784
42065
42459
42459
42459
42459
42459
42459
42459
42459
42459
42459
42459
42459
42459
42934
42943
42970
43131
43376
43539
43854
43968
44169
44519
44541
44592
44753
44753
44753
44753
44834
44970
45026
45114
45136
45238
45435
45774
45780
45857
45931
46447
46481
46572
46579
46696
46767
46911
47115
47115
47115
47125
47251
47268
47324
47324
47324
47324
47324
47324
47324
47324
47324
47324
47324
47404
47585
47844
47891
47916
47925
48140
48202
48370
48400
48400
48400
48400
48400
48400
48400
48400
48400
48400
48400
48400
48400
48400
48400
48400
48400
48400
48400
48469
48584
48591
48845
48967
49253
49519
49637
49665
49676
49699
50003
50204
50221
50273
50419
50427
50611
50669
50808
50851
50934
51196
51319
51456
51560
51985
52035
52080
52393
52522
52734
52743
53130
53238
53324
53408
53430
53445
53873
54289
54393
55032
55149
55255
55334
55425
55469
55530
55540
55623
55887
55948
56443
57147
57183
57204
57386
58283
58300
58494
58599
58729
58987
59853
59882
59882
59882
59882
59882
59882
60831
60853
60853
60853
60853
60853
60853
60853
60853
60853
60853
61207
61410
61547
61719
62020
62054
62504
62577
63239
63318
63443
63640
63730
63741
63743
63833
64002
64348
64678
64678
64678
64678
64678
64678
64678
64678
64678
64678
64678
64678
64755
64801
64841
64918
64989
65004
65185
65185
65185
65185
65237
65311
65354
66120
66236
66459
66508
66508
66508
66508
66508
66508
66508
66508
66508
66508
66508
66508
66508
66508
66508
66508
66508
66508
66796
67003
67107
67189
67379
67478
67525
67535
67869
68384
68430
68714
68962
69056
69091
69184
69912
69925
70109
70227
70429
70501
70501
70501
70501
70501
70501
70501
70501
70501
70501
70501
70501
70501
70501
70501
70531
70973
71172
71284
71309
71372
71455
71698
71702
71726
72228
72308
72704
72856
73261
73269
73514
73554
73715
74327
74396
74554
74691
74691
74691
74691
74691
74691
74691
74691
74691
74691
74691
74691
74691
74691
74725
74750
74803
74836
74853
74877
74877
74877
74877
74877
74877
74877
75310
75370
75576
75771
75812
75812
75812
75812
75812
75812
75812
75812
75812
75812
75812
75812
75812
75812
75812
75812
75812
75948
75977
76005
76135
76135
76135
76135
76135
76135
76135
76246
76329
76532
76644
76788
77097
77266
77304
77539
77539
77539
77539
77539
77539
77539
77539
77539
77539
77539
77539
77539
77539
77539
77539
77539
77539
77539
77539
78068
78088
78088
78088
78088
78088
78088
78088
78088
78088
78088
78088
78179
78526
78614
78753
78835
78901
78903
79098
79127
79555
79658
79683
80238
80307
80659
80717
80768
80790
81081
81159
81159
81159
81159
81159
81159
81159
81204
81368
81630
81847
81902
82341
82391
82391
82391
82391
82391
82391
82391
82391
82391
82400
82400
82400
82400
82400
82400
82400
82400
82400
82400
82400
82400
82400
82400
82400
82455
82455
82455
82455
82455
82496
82561
82570
82947
82947
82947
82947
82947
82947
82947
82947
82947
82947
82947
82947
82947
82947
82947
83535
83698
83731
83731
83731
83731
83731
83731
83731
83731
83870
83870
83870
83870
83870
83870
83870
83870
83870
83870
83870
83870
83870
83870
83870
83870
83870
83923
84014
84086
84293
84306
84563
84584
84737
84872
84872
84872
84872
84872
84872
84872
84872
84872
84872
84872
84872
84872
84872
85211
85451
85562
85569
85576
85661
85661
85661
85661
85661
85661
86050
86239
86390
86399
86787
86821
86856
87448
87773
88105
88122
88403
88484
88584
88773
88874
89453
89834
89965
90164
90481
91066
91070
91201
91315
91385
91646
91712
91733
91888
91896
92017
92272
92442
92869
92869
92869
92869
92869
92869
92869
92869
92869
92869
92950
92950
92950
92950
92950
92950
92950
92950
92950
92950
92950
92950
92950
92950
92950
92950
92964
93096
93264
93693
93734
93804
93831
93885
94320
94652
94728
95048
95224
95604
95745
95996
95997
96423
96535
96744
97144
97213
97412
97544
97874
98013
98184
98284
98303
98330
98375
98388
98418
98604
98629
98637
99054
99057
99057
99057
99057
99057
99057
99057
99057
99057
99057
99057
99057
99057
99057
99057
99057
99057
99057
99057
99296
99551
99880
99977
