145
86
72
66
3
4
6
77
607
617
560
632
721
791
843
930
919
709
690
648
1092
1131
1135
1138
1180
1260
1292
1277
1316
1481
1529
1898
1857
1802
1795
1454
1437
1323
1012
696
691
636
564
456
340
318
226
210
149
10
0
37
8
31
104
127
142
346
414
729
746
838
887
975
1044
1049
1025
974
933
908
896
919
748
618
654
420
307
434
486
592
585
189
24
10
0
22
28
38
69
111
184
9
26
7
246
570
541
468
450
484
577
692
794
775
661
571
468
461
432
517
637
759
786
786
871
1265
1215
1398
1181
1167
1140
1133
1110
1018
986
982
900
864
677
562
361
321
319
424
752
687
1026
599
984
1235
1307
1177
1188
1155
1324
1548
1458
1558
1548
1602
1673
1725
1720
1755
1764
2120
2185
2570
2519
2282
2383
2439
2353
2124
2111
2106
2102
2099
2009
1835
1719
1592
1541
1874
2402
2341
2141
1947
1816
1932
1930
2153
2215
2375
2311
2339
2324
2325
2345
2416
2537
2478
2441
2324
2415
2388
2194
2437
2744
2827
2749
2898
2749
2733
2781
2850
2850
3020
3242
3010
3723
3366
3398
3315
3417
3517
3382
3323
3159
3091
2966
3307
3286
3294
3260
3522
3469
3410
3473
3785
3758
3730
3676
3428
3384
3295
3271
3172
3104
3015
2976
2859
2603
2194
2045
1962
1744
1720
1670
1789
1689
1655
1567
1491
1372
1193
1108
1055
936
1400
1340
1471
1619
1823
1821
1745
1771
1815
1820
2457
2557
2475
2472
1772
1720
1676
1397
1390
1167
1273
1319
1452
1447
1423
1381
1545
1604
1633
1868
1940
1971
1872
1843
1975
2298
2350
2397
2483
2489
2561
2675
2506
2269
2198
2182
2108
1802
1576
1542
1538
1531
1382
1375
1364
1289
1121
1066
1021
917
1020
981
1004
1117
1058
1390
1360
1567
1589
1420
1361
1329
1275
1235
957
892
780
588
473
440
444
402
330
384
454
319
432
474
667
1046
950
896
841
785
693
538
192
81
59
0
127
155
228
206
109
153
319
421
642
746
726
985
817
852
947
760
701
690
622
510
537
571
454
555
737
1048
1027
1102
944
1415
1289
1342
1343
1393
1401
1491
1408
1314
1265
1090
1028
926
962
952
844
755
753
648
622
532
338
292
209
274
333
520
507
472
417
572
603
635
297
164
72
0
24
127
197
201
263
347
372
619
683
734
831
862
896
1007
1025
1053
988
983
819
826
567
306
244
387
408
431
306
288
339
311
202
213
128
126
9
31
75
320
271
105
207
494
417
459
666
651
841
762
1094
1121
1178
1251
1188
999
1410
1825
1884
2493
2499
2592
2503
2590
2576
2623
2555
2374
2420
2334
2438
3137
3160
3157
3199
4029
4029
4033
4005
4007
4073
4805
4823
4791
4735
4647
4526
4061
4766
4758
4753
4713
4579
4449
4256
4119
3893
3886
3883
4182
4366
4401
4389
4561
4268
4634
4561
5186
5251
5374
5505
5588
5590
5568
5646
5740
6047
6339
6319
6195
5847
5831
5803
5711
5699
5641
5622
5572
5514
5493
5514
5543
5596
5578
5571
5722
5677
5644
5492
5505
5545
5472
6067
6133
6230
6102
5882
5870
5854
5851
5846
5655
5502
5435
5282
5260
5244
5178
5114
5076
5056
4814
4713
4899
5075
5171
5210
5378
5452
5468
5459
5608
6090
6070
6150
6380
6313
6288
6378
7047
7014
7033
7127
7072
7078
6942
6773
6762
6726
6624
6529
6464
6287
6271
6202
6123
5949
5903
5823
5603
5970
5987
6028
5948
5986
6047
6121
6085
5966
6466
6469
6842
6888
7104
7106
7211
7222
7303
7882
7888
7886
8005
7899
7892
7834
7684
7656
7524
7506
7466
7394
7151
7110
6825
6745
6599
6471
6493
6501
6514
6426
6408
6404
6340
6150
6125
5976
6368
6419
6604
6661
6643
6394
6322
6287
6273
6228
6107
5995
5712
5591
5586
5543
5417
5311
5209
5197
5187
5121
5116
5061
5036
5031
5026
5011
4996
4878
4836
4862
4930
5113
5160
5123
5317
5472
5473
5631
5551
5420
5281
5268
5222
5083
5047
4886
4879
4853
4752
4477
4399
4375
4227
3987
3888
3751
3682
4191
4124
4093
4037
3898
3878
3870
3658
3586
3562
3540
3485
3526
3837
3923
3878
3958
4011
3950
4131
4124
4485
4474
4365
4894
4866
5178
5210
5040
4978
5184
5024
4964
4940
4920
4738
4490
4307
4270
4298
4552
4675
4701
4986
4852
4822
4442
4393
4310
4303
4292
4285
4124
3966
3926
3848
3844
3809
3748
3536
3535
3512
3334
3205
2818
2531
2407
2222
2234
2179
2165
2155
1761
1801
1788
1762
2128
2044
1985
1931
1859
1788
1722
1634
1592
1485
1310
1174
1166
1082
1015
1599
1720
1684
1594
1406
1340
1331
1276
1265
935
1053
1031
925
923
752
693
646
604
563
269
261
139
136
0
133
151
322
421
478
418
321
353
201
182
76
0
245
543
570
698
758
789
895
950
957
1017
1150
1232
1360
1128
898
825
834
1181
1119
1221
1258
1658
1695
1767
1430
1430
1392
1466
1448
1474
1470
917
857
629
783
693
775
838
686
699
238
137
232
427
693
1011
924
1029
1086
1119
1359
1399
1419
1530
1296
1380
1586
1724
1903
1898
1790
1631
1490
1470
1364
936
862
830
821
716
660
622
570
426
339
245
141
81
55
0
18
192
272
490
608
503
495
106
200
310
607
853
501
279
343
135
99
232
303
332
319
622
685
830
1214
1136
1289
1281
1547
1589
1617
1711
1671
1682
1657
1485
1404
1437
1441
1293
1681
1578
1509
1362
1234
1102
877
835
747
626
615
563
530
521
367
0
26
43
505
560
390
215
5
2
